data = [
0.0155141472969262	0.0105857980675315	-0.0436451393591977	0.0213147781314307	0.0324990182330716	0.0377706166246981	0.0917000000000000	0.0969000000000000	0.1333000000000000	0.1374000000000000
0.0148736232832416	0.0083778306159328	-0.0376111682413978	0.0213237473152219	0.0301274104002811	0.0434358308279474	0.0980000000000000	0.1056000000000000	0.1400000000000000	0.1470000000000000
0.0071272463757790	0.0080748803062045	0.0219064937585802	0.0131168633680367	0.0230433114438204	0.0345826478357125	0.1032000000000000	0.1139000000000000	0.1450000000000000	0.1471000000000000
0.0049048862260737	0.0066915013870244	0.0222355009663993	0.0219243894786585	0.0312862765363020	0.0403228518666676	0.0880000000000000	0.0927000000000000	0.1365000000000000	0.1361000000000000
0.0076894214211549	0.0114359907007948	0.0581822275209438	0.0296106919852077	0.0515149138485738	0.0213685809183080	0.0818000000000000	0.0848000000000000	0.1306000000000000	0.1339000000000000
0.0067299775560983	0.0061687908167603	0.0360660955589163	0.0175801833805629	0.0295560895944487	0.0262722286438386	0.0746000000000000	0.0792000000000000	0.1278000000000000	0.1302000000000000
0.0128205728774642	0.0057826350635466	0.0140475876038302	0.0210072646810326	0.0362909720995415	0.0277709638484414	0.0711000000000000	0.0790000000000000	0.1214000000000000	0.1247000000000000
0.0045151445058149	0.0057667081229127	0.0367265699840251	0.0146646275794389	0.0464904932698538	0.0415928607503249	0.0717000000000000	0.0810000000000000	0.1173000000000000	0.1198000000000000
0.0042998233705767	0.0048722430909391	0.1056169962281820	0.0147308724121258	0.0240259972309911	0.0267718067324916	0.0690000000000000	0.0783000000000000	0.1056000000000000	0.1102000000000000
0.0018213468968362	0.0039906479270764	0.0871335766974948	0.0261201562861979	0.0214402038681802	0.0313149606477658	0.0614000000000000	0.0692000000000000	0.1025000000000000	0.1027000000000000
0.0071746025871171	0.0040260807002381	-0.0015762694390951	0.0247379325492885	0.0306163103776980	0.0340099727814422	0.0552000000000000	0.0621000000000000	0.1024000000000000	0.1018000000000000
0.0022437402926148	0.0055584115829364	0.0043044559467704	0.0220002523647160	0.0316607899153247	0.0375434839790234	0.0535000000000000	0.0627000000000000	0.0966000000000000	0.1009000000000000
0.0034654390290267	0.0072340704960894	0.1304618071390420	0.0156519515897990	0.0156411399553367	0.0234080908980143	0.0554000000000000	0.0622000000000000	0.0911000000000000	0.0966000000000000
0.0082711145853072	0.0066791974208957	0.0421671940499726	0.0085828111204656	0.0283683285731966	0.0205980239099048	0.0566000000000000	0.0665000000000000	0.1032000000000000	0.1036000000000000
0.0063501808778543	0.0072343620415767	0.0769048144335152	0.0062189031601534	0.0235544129460283	0.0258410741770696	0.0604000000000000	0.0684000000000000	0.1050000000000000	0.1091000000000000
0.0139153347355858	0.0082396414341259	-0.2301152793913980	0.0113313641172947	0.0076126467014674	0.0287853095730775	0.0586000000000000	0.0692000000000000	0.1085000000000000	0.1138000000000000
0.0028820913787548	0.0078283435718838	0.0029850956472179	0.0173868555144931	0.0275146788251215	0.0240906140817483	0.0572000000000000	0.0666000000000000	0.1008000000000000	0.1075000000000000
0.0108367253097459	0.0096189075134383	0.0087428925078781	0.0191756461895700	0.0244010776449164	0.0253974475583743	0.0621000000000000	0.0716000000000000	0.1037000000000000	0.1098000000000000
0.0033159458855678	0.0117105667590192	0.0015336604163201	0.0092147747358835	0.0222196202590981	0.0187855052321018	0.0701000000000000	0.0798000000000000	0.1050000000000000	0.1107000000000000
0.0109308267249322	0.0079861147345435	0.0222879043016464	0.0087280878938429	0.0250931259315479	0.0263251427534730	0.0773000000000000	0.0847000000000000	0.1039000000000000	0.1051000000000000
0.0072267404022721	0.0109328747603818	0.0444541454034768	0.0054875330102515	0.0202431638030518	0.0237318510828457	0.0854000000000000	0.0944000000000000	0.1080000000000000	0.1064000000000000
0.0056556796861802	0.0102852413845618	0.0658752020652127	0.0068836212818617	0.0217674259259528	0.0249842579626112	0.0841000000000000	0.0973000000000000	0.1067000000000000	0.1037000000000000
0.0051580648390210	0.0072161022011859	0.0798749808325958	0.0190063001099059	0.0198549431374868	0.0119584077835659	0.0784000000000000	0.0908000000000000	0.1000000000000000	0.0989000000000000
-0.0001116804161008	0.0069340925321670	0.0023742532278543	0.0193217835528383	0.0215316614293393	0.0201726042911563	0.0765000000000000	0.0861000000000000	0.0982000000000000	0.0981000000000000
0.0028901666504382	0.0109803108354534	-0.0368194197669949	0.0142502173928989	0.0264305815991772	0.0194340714061658	0.0776000000000000	0.0825000000000000	0.1012000000000000	0.1010000000000000
0.0017613467753748	0.0102599097358960	0.0282955016236226	0.0082665801414681	0.0170132175602244	0.0141622326365338	0.0775000000000000	0.0824000000000000	0.1034000000000000	0.1031000000000000
-0.0020656135768675	0.0088900117050166	-0.0494976209741553	0.0107626304462531	0.0169086016969917	0.0102039901670574	0.0748000000000000	0.0816000000000000	0.1011000000000000	0.1042000000000000
-0.0112572568240168	0.0075407078608150	-0.0667818640990081	0.0074073274405304	0.0141572649866557	0.0074952413044853	0.0699000000000000	0.0774000000000000	0.0995000000000000	0.1060000000000000
-0.0068398399974559	0.0099178258174471	0.0969956910426424	0.0120232169585481	0.0129556579530057	-0.0074640405431845	0.0602000000000000	0.0643000000000000	0.0950000000000000	0.1020000000000000
0.0057142458596733	0.0068291524712416	0.0654096469826433	0.0112522999619689	0.0155100815880367	0.0000584988037167	0.0556000000000000	0.0586000000000000	0.0953000000000000	0.0992000000000000
0.0023541960192990	0.0073171234871676	0.0107145860374560	0.0037625462448006	0.0104738263075461	-0.0055531148164274	0.0538000000000000	0.0564000000000000	0.0928000000000000	0.0968000000000000
0.0015766980333982	0.0053847169961214	-0.0013468174268256	0.0030652505214484	0.0159449720765750	-0.0100819065884785	0.0454000000000000	0.0482000000000000	0.0869000000000000	0.0940000000000000
0.0095436449419513	0.0042841345032141	0.0579316741760891	0.0084918033773533	0.0130791373119781	0.0026149701085094	0.0389000000000000	0.0402000000000000	0.0871000000000000	0.0920000000000000
0.0087092817667980	0.0063564669237648	-0.0110035076332302	0.0006185293925007	0.0098958261518032	0.0004384553013717	0.0368000000000000	0.0377000000000000	0.0868000000000000	0.0913000000000000
0.0069961567841386	0.0047480441546153	0.0123224155756754	0.0010300329049713	0.0123406900788332	0.0041498659519412	0.0308000000000000	0.0326000000000000	0.0801000000000000	0.0870000000000000
0.0069059084527776	0.0067360250189905	0.0088920805449000	0.0069762271439462	0.0165282636155464	0.0003538918307582	0.0307000000000000	0.0304000000000000	0.0821000000000000	0.0887000000000000
-0.0006582871532697	0.0056720060752307	0.0383312148386308	-0.0030131518986885	0.0112896151770574	0.0104850188458947	0.0296000000000000	0.0304000000000000	0.0773000000000000	0.0840000000000000
0.0036141288400007	0.0060565320501853	0.0001578846349259	0.0044142438118264	0.0148070776513407	0.0148479250515239	0.0297000000000000	0.0300000000000000	0.0745000000000000	0.0814000000000000
0.0022282136148721	0.0060062734191826	0.0119015983364026	0.0047432759273907	0.0190576771465505	0.0158236384540045	0.0300000000000000	0.0306000000000000	0.0708000000000000	0.0762000000000000
0.0104332511777550	0.0052020374934934	0.0181366769446960	0.0059048452223571	0.0187036017610041	0.0149417478609619	0.0306000000000000	0.0299000000000000	0.0705000000000000	0.0755000000000000
0.0073929837981677	0.0048336725200393	0.0057504773633106	0.0027091695966082	0.0166694096504187	0.0218530877590020	0.0324000000000000	0.0321000000000000	0.0730000000000000	0.0785000000000000
