data = [
0.01390128336694	-0.01982161200431	-0.01412501533689	0.01062786842776	-0.00040138338545	0.14230000000000	0.17390000000000	0.17030000000000
0.01197289469298	0.00237659474747	0.00085608674595	-0.00361221720099	0.00371425961451	0.14510000000000	0.16760000000000	0.16780000000000
0.01430023301921	-0.00651485029960	-0.01087920292451	0.00525888524488	0.01437704506794	0.11010000000000	0.16170000000000	0.16250000000000
0.01103565179993	-0.00206195879026	0.00740574392474	-0.00803074146649	0.01731965858152	0.09290000000000	0.14020000000000	0.14390000000000
0.00804634761569	0.01037211476584	-0.01545925127581	0.00216379536888	0.01697105596115	0.08650000000000	0.13030000000000	0.13830000000000
0.00674379981133	0.01995963494624	0.02120398898354	0.00559452185233	0.00412103557770	0.08800000000000	0.12760000000000	0.13250000000000
0.01042143004220	0.01656063720931	0.02116845611895	0.00407204575712	0.01137098031213	0.09460000000000	0.13650000000000	0.13530000000000
0.00733051541625	0.01754918657704	0.02566905948607	0.00602493714879	0.01333751730301	0.09430000000000	0.13470000000000	0.13610000000000
0.01058579806753	0.01551414729693	0.00408043092711	0.02614789353697	0.01140874743547	0.09690000000000	0.13330000000000	0.13740000000000
0.00837783061593	0.01487362328324	0.02426995307503	0.02535046867662	0.02194818010106	0.10560000000000	0.14000000000000	0.14700000000000
0.00807488030620	0.00712724637578	0.01769087004003	0.01935577879049	0.00968763265856	0.11390000000000	0.14500000000000	0.14710000000000
0.00669150138702	0.00490488622607	0.02375091950968	-0.00236957939336	0.03421102223415	0.09270000000000	0.13650000000000	0.13610000000000
0.01143599070079	0.00768942142115	0.02300229034730	0.02145975018451	0.00310037584140	0.08480000000000	0.13060000000000	0.13390000000000
0.00616879081676	0.00672997755610	0.02748776643324	0.01487069337979	0.01030078346863	0.07920000000000	0.12780000000000	0.13020000000000
0.00578263506355	0.01282057287746	0.03303582240682	0.01656250699836	0.00903142273768	0.07900000000000	0.12140000000000	0.12470000000000
0.00576670812291	0.00451514450581	0.03964388506302	0.02841859753067	0.04322334965959	0.08100000000000	0.11730000000000	0.11980000000000
0.00487224309094	0.00429982337058	0.00050967783155	-0.00977917838176	0.01155374725473	0.07830000000000	0.10560000000000	0.11020000000000
0.00399064792708	0.00182134689684	0.02115259080667	0.00378031588660	0.01467358765704	0.06920000000000	0.10250000000000	0.10270000000000
0.00402608070024	0.00717460258712	0.02705218182703	0.02150106615225	0.01658689391212	0.06210000000000	0.10240000000000	0.10180000000000
0.00555841158294	0.00224374029261	0.02577692451973	0.00782288435321	0.02436622115398	0.06270000000000	0.09660000000000	0.10090000000000
0.00723407049609	0.00346543902903	-0.00789556353794	0.01031837625779	-0.01726496431391	0.06220000000000	0.09110000000000	0.09660000000000
0.00667919742090	0.00827111458531	0.02441840358907	0.00456913326898	0.00557130727904	0.06650000000000	0.10320000000000	0.10360000000000
0.00723436204158	0.00635018087785	0.01789596048242	0.00350643608749	0.00527189862702	0.06840000000000	0.10500000000000	0.10910000000000
0.00823964143413	0.01391533473559	0.00080687828197	0.01612413946753	0.01887449050628	0.06920000000000	0.10850000000000	0.11380000000000
0.00782834357188	0.00288209137875	0.00395348835583	0.01280573441625	0.01460970631907	0.06660000000000	0.10080000000000	0.10750000000000
0.00961890751344	0.01083672530975	0.01777714478411	0.00545015071216	-0.00592333849534	0.07160000000000	0.10370000000000	0.10980000000000
0.01171056675902	0.00331594588557	0.01210074452979	-0.00151608118066	-0.00152438390285	0.07980000000000	0.10500000000000	0.11070000000000
0.00798611473454	0.01093082672493	0.02035692132254	0.04103234446471	0.01001238698620	0.08470000000000	0.10390000000000	0.10510000000000
0.01093287476038	0.00722674040227	-0.00223878430435	0.02870092825468	-0.00374803220218	0.09440000000000	0.10800000000000	0.10640000000000
0.01028524138456	0.00565567968618	0.01427181431591	-0.00009669549633	-0.00753768233799	0.09730000000000	0.10670000000000	0.10370000000000
0.00721610220119	0.00515806483902	0.01474925382621	0.00254177200196	0.00806191436523	0.09080000000000	0.10000000000000	0.09890000000000
0.00693409253217	-0.00011168041610	0.01529494459928	0.00203549629141	0.00789483949177	0.08610000000000	0.09820000000000	0.09810000000000
0.01098031083545	0.00289016665044	-0.00187956240925	-0.00807688899500	-0.01152738506356	0.08250000000000	0.10120000000000	0.10100000000000
0.01025990973590	0.00176134677537	0.00869159807959	-0.00913657260234	-0.01617851696493	0.08240000000000	0.10340000000000	0.10310000000000
0.00889001170502	-0.00206561357687	0.00905151407824	0.00861077104887	-0.00213079376754	0.08160000000000	0.10110000000000	0.10420000000000
0.00754070786081	-0.01125725682402	0.00687297522351	-0.00174147708027	-0.00048667672921	0.07740000000000	0.09950000000000	0.10600000000000
0.00991782581745	-0.00683983999746	-0.00876109211264	-0.00716270358340	0.01070952207050	0.06430000000000	0.09500000000000	0.10200000000000
0.00682915247124	0.00571424585967	0.01011203551401	-0.00517160808366	-0.03114105988547	0.05860000000000	0.09530000000000	0.09920000000000
0.00731712348717	0.00235419601930	0.00374186813604	0.00294890636980	-0.01717602731316	0.05640000000000	0.09280000000000	0.09680000000000
0.00538471699612	0.00157669803340	0.01200933380319	-0.00840600226002	-0.00361689865080	0.04820000000000	0.08690000000000	0.09400000000000
0.00428413450321	0.00954364494195	-0.00279768492340	0.03961223020478	-0.03685924729432	0.04020000000000	0.08710000000000	0.09200000000000
0.00635646692376	0.00870928176680	0.00385577025354	-0.00708710311747	-0.01224495299045	0.03770000000000	0.08680000000000	0.09130000000000
0.00474804415462	0.00699615678414	0.00869659753408	-0.00404765331461	-0.02305107305448	0.03260000000000	0.08010000000000	0.08700000000000
0.00673602501899	0.00690590845278	0.01000894185512	-0.00455269306519	-0.00574816859307	0.03040000000000	0.08210000000000	0.08870000000000
0.00567200607523	-0.00065828715327	-0.00620676997439	0.01126397377357	-0.02529187124285	0.03040000000000	0.07730000000000	0.08400000000000
0.00605653205019	0.00361412884000	0.00858061062785	0.00229194976152	-0.01197384855469	0.03000000000000	0.07450000000000	0.08140000000000
0.00600627341918	0.00222821361487	0.01366971327116	0.00050341951237	-0.00935947856764	0.03060000000000	0.07080000000000	0.07620000000000
0.00520203749349	0.01043325117776	0.01458630156528	0.00584066256674	-0.00872293561260	0.02990000000000	0.07050000000000	0.07550000000000
0.00483367252004	0.00739298379817	0.00005550802363	-0.00019039182920	-0.01363627723993	0.03210000000000	0.07300000000000	0.07850000000000
0.00497354152749	0.01134540390533	0.01159976584581	0.00331492203616	-0.02304233564380	0.03940000000000	0.08440000000000	0.08600000000000
0.00539516016547	0.00319951768929	0.01207760031360	-0.00101381614873	-0.00930405195999	0.04490000000000	0.08590000000000	0.08840000000000
0.00548722263935	0.00849217827409	0.01776302452902	0.01057336655714	0.00209808088070	0.05170000000000	0.09100000000000	0.09210000000000
0.00572468197448	0.00199514506953	-0.00081985600223	0.00475881639402	0.00859920973708	0.05810000000000	0.08810000000000	0.08880000000000
0.00438857542313	0.00139362951951	0.01309240077333	0.00794050320521	0.01278964151512	0.06020000000000	0.07950000000000	0.08230000000000
0.00474038372497	0.00595530021882	0.01568334556504	0.00983119458418	-0.00186703913843	0.05800000000000	0.07700000000000	0.08050000000000
0.00491576807542	0.00432928978148	0.01149442183000	0.01464502287411	0.00639015451235	0.05720000000000	0.07350000000000	0.07640000000000
0.00540318011091	0.00441929072956	0.00473957089447	0.01070401401135	0.02179875692942	0.05360000000000	0.07240000000000	0.07710000000000
0.00379497164301	0.01479578094750	0.01346042214046	0.00718555706460	-0.01204328158364	0.05240000000000	0.08110000000000	0.08300000000000
